-1.16728482886899 -0.0693537740444548 -0.785549491646737 0.570552377993536 1.37249776899808 1.5936241110629 0.436106933026241 1.73757086433547 0.0878299730476497
-1.34642219455763 -0.878628058986509 -0.662713875283316 -0.591671680550027 -0.447499390441187 -0.77069657332765 -0.548290896626247 0.59333333512149 0.120292686324415
-0.277615141214093 0.294616116343153 0.72972499069655 0.926270720394596 0.97306421547065 1.06470735507641 0.751391252698004 1.19746062212974 1.08581703873269
-0.766252031421848 -1.20352887677358 -0.224581213616763 0.477467477426718 1.09739022938243 -0.428985015563284 -0.544398274466114 -0.194078002265468 -0.145778191084032
-0.317352510164737 -0.846025573441905 -0.875263948754411 -0.552552386454427 -1.73923943372616 -0.925032281827639 0.311067077279738 -0.428687541836061 0.358585793560429
-1.93267602825739 -1.43143844300258 -2.22926341173007 -1.70701241268526 -1.6655912766628 -1.47039614400838 -0.901911558649898 -1.73527713746751 -1.21870071419927
-0.692117441383094 -0.806302746908913 -1.28632038157758 0.464706257204468 0.13840856750496 -0.00964097527423197 0.181811049906622 -0.397826328406367 -0.301173706028377
-0.123038408753565 -0.317622172161763 -0.224348478817174 -2.56372524266895 -1.62022244090531 -0.766224619989539 0.425831867380594 -0.338710330243474 0.172003548724745
-0.200261256879719 -0.242864852231853 0.233822697296477 0.581518345909871 0.540094850245773 0.467034897948513 -0.0959930443114279 -1.03195856609465 -0.547676757479187
-2.38321660588043 -1.68289092847697 -0.888672159818821 -0.311200912646344 -0.891746259033538 0.584461109861986 -0.171760160207466 -0.623441879902297 0.946528460205801
0.163847222791875 0.218579043447665 -1.19290068550518 -0.243181043323622 -0.43600805517288 -1.17165027485778 0.565279709347084 0.864300195226547 0.419482890829554
-1.56457259868375 -1.40985914069576 -2.2370436222385 -0.824704082229183 0.306885053992013 1.28614398443659 -1.28895842394619 -0.0314825361885513 -0.308005835863882
0.543485182147478 -0.0308142086513987 0.84873797621781 -0.885527597468479 -0.252388477778447 -0.722592641267841 -0.153744525140266 -1.58163833169251 -0.734677173422329
0.275980442795389 0.231111494043669 -0.0405462553432185 0.324484812629736 -0.0843347535829209 0.0703991612431229 -1.2471982884448 -0.600324726542648 -0.944924958431307
-2.94041541903733 -1.32818883414443 -2.36073260022306 -1.00084486546574 -0.820323698952212 -1.38982209302073 -1.13749703454305 -1.60068889588854 -2.31016288056326
2.15152440557595 1.62906738888141 2.07984301896824 -0.097352023287623 0.0940391460960847 0.9253775284883 -0.140104436309672 0.673187064936977 -0.0680020321055055
0.583066356714743 1.99857240367465 1.39204261776894 -0.160904295138046 -0.929378616795517 -0.428342185906507 0.158746660755335 0.659537358273705 1.48793610537918
0.093772029838345 0.353214364769589 -0.738886437503498 0.325295117246186 0.932042348579026 0.37264034884909 -0.00180111341385073 -0.382155436643808 -0.265418277418298
0.246527235465778 -0.704813734779472 -1.13132113863497 -1.80257739865998 -0.87452003931606 -0.260354337531695 -0.137675417164336 0.0100026313189183 -0.225913194007441
1.95195189658501 1.37999012742413 -0.0668925568838492 -0.347506525475764 -0.438353346291807 1.3099141271085 -0.965812143292356 -1.41165544138201 -0.509073240349737
-0.0259478218427503 0.306446561526915 -0.467886984324336 -0.0402783445778507 -0.160052484279177 -0.84604036945607 -0.746810064347364 -0.462602683764949 -1.28688670360854
-0.732780591258315 -0.0175538893433027 -0.409639534929021 0.0263251294365083 0.163696439280573 0.759545944571539 0.155823812870388 -0.777989037926074 -0.675357179067885
-0.202264691678928 -0.315367385742124 -0.46870115944692 -2.18542449472616 -1.1488034947754 -1.76337677632471 -1.87909018658518 -1.76614040625627 -1.41144470745923
0.952175722657749 0.896390643832687 0.423100514438378 1.57238190175057 1.00958133112541 1.41443328869114 1.04091494236754 1.04401911240485 1.16520237608919
0.769040600033427 -0.460300121723047 1.34501429250837 -0.424797648855482 0.11053001182709 -0.637500965677049 0.268359460131124 0.316039645994473 0.445376873137366
1.22843750035928 1.47939661373343 1.39729028866304 1.4014576137561 2.3403291141742 2.02614937433886 1.26626728568658 -0.536323140763034 1.01074918860653
1.43823412257805 1.77950508066765 3.01788619761089 1.15492927209506 0.675394005467099 1.26693760246331 1.2497679477378 1.46727049254871 1.13711602738146
-0.165937227422028 -0.509654083928372 0.32699695338149 -1.28286517285467 0.232124802614734 0.884722235562589 1.0218712029193 1.40398152966004 1.177947613726
0.756686097097351 1.10381879908794 0.646402408104103 0.602193712703661 0.695682401974536 0.003256706004021 -0.273840356194034 0.0439111481057834 -0.521832069987266
0.198323297244887 0.245967966357925 0.977093307331027 1.96086882896987 2.72222505479733 1.85533563462598 2.38972524448782 2.61322636001217 1.53269094184103
-0.984046706202699 0.336918846725986 -0.331454872940097 0.183633817381802 -0.129672297717393 -0.478748936589296 -1.59269521906442 -0.768716725885804 -1.65575467042043
1.54479436141368 1.13330362679616 1.29957904623578 0.044689262205382 -1.00048989138016 -1.21648150083055 0.206535319084143 0.155613176667283 -0.43850031770959
0.00922648291010464 -1.10537491570279 0.00879097831246589 0.879142477702099 0.930343355109055 -0.160383631080784 -0.0753809735015886 0.371525998547494 0.976167213072102
0.103466975738617 1.05062946123223 1.25192321509449 0.216988353055666 -0.355601580046331 -0.432414834594249 -0.984277143386029 -0.730010053486998 0.465905587036788
-0.621305264101151 -1.30402203585272 0.0669585873148638 -0.519006963629826 -0.360394221038731 0.832806201505644 0.0325590491828713 -0.437434285431423 -0.0332189232113009
-0.280488946620271 0.091626947228976 0.229024936904288 0.890345061938491 0.813604355464469 0.420859285896678 -0.499603603135264 0.18607379676631 0.53547902354197
0.382450657657665 0.748337896049389 0.533581617810377 0.650540604308341 1.12086432723243 0.0111910951952746 0.944200285989913 -1.52763284201089 -0.196096886033775
-2.1404265942759 -1.91179033326464 -2.20465739089655 0.0210648112517976 1.64297667184115 0.322157185669777 0.966884042748401 -0.0243640520459258 0.606112093584858
0.178746787155566 0.70299989634509 1.6154181611207 -0.0485506855988744 0.411492813088565 0.60882717991608 0.16077511858577 -0.397752332121946 -0.101022257245427
-0.75911152716611 -0.419075098563784 -0.189766473864311 -1.17543105700513 0.261324195947832 -1.47570011961873 0.320262103625822 -0.0468415947428111 -0.852834141993092
-1.28322106666232 -1.87000070789974 -1.69646705885936 0.174135343012558 -0.145254250911591 -0.0636589617928374 -2.14720100294123 -0.95447524158668 -1.57971391332676
0.388798215031008 -0.0860305143789641 0.0184312601734705 0.7770935421645 0.601978714756188 0.754572381980412 -0.881699876299736 1.16474183227157 0.106352975118077
-1.52428629040563 -1.56795271371218 -1.16878945020987 -0.441745017461215 -0.443092975360191 -0.272718890262661 -0.478535791508724 -0.16389439135071 -0.288383074507406
-0.845493035331859 -0.25371850712819 0.680428984976994 0.651988182114644 -0.123856141203173 0.0925955707229876 -0.851220607197313 -0.630325033093544 -0.781118540040711
0.738657253907259 0.534171543549517 0.608366406516104 -1.30877312280974 -0.784362620278729 -1.29108544635704 -0.334914722517033 -1.22119425172054 -0.0351103790860104
2.16220231823166 0.963245859639571 2.04762651929161 0.362655008749608 1.38235838101153 1.1191188491962 -0.421308388379353 -0.0201139609780899 -0.81988563006681
0.579330250646359 0.394028279884606 1.45076143433539 0.729677119785098 0.790650913135944 0.692874478717667 0.124482812508333 -0.946932779311519 0.924279433556465
0.78467903456837 -0.529059990368426 0.151427662076758 -0.254306740666328 -0.649463406238104 -0.727705636860442 -0.401802875329513 -0.84736533411417 -0.18471398592644
0.995557800416607 -0.527093351541505 0.435602884451164 0.346439870912992 1.04028479682482 -0.113275635937218 0.0570648012281952 0.620699530954489 -0.476246266645476
0.245577974449716 1.79692073309789 0.590182199270032 1.41418866077129 -0.885438449906633 0.488595219520256 -0.351475089416396 0.242775284230619 0.169462249485174
-1.01540787066089 -0.962471400358083 -1.37920932711946 -0.609218740882362 -0.29301423606189 -0.222343875269698 0.499340225503994 0.513270958361138 0.313854476461447
-0.897086077007377 -0.427214744927529 0.71158601075006 -0.258785087933579 1.14594488252536 -1.38069376773322 -1.13450279452447 -0.364185137873726 -0.331431473464275
-1.26350302152452 -0.695071775973697 0.473082248061606 -0.901196737510428 -0.879965704683021 -1.42670209429867 -0.800563764100875 -0.649923325239436 -1.18159014225846
0.764209285257738 0.474855217914936 1.23092809162641 0.977677967349948 -0.63756642307149 -0.296335635432183 1.43500810325909 -0.388152490116086 0.191600637808703
0.567128560986575 -0.391278140826534 0.335760960046964 0.55330227286954 -1.26388120545118 -0.746218689206813 -0.490758568102025 1.1198144696747 -0.226857012283977
-1.41327078835667 -1.44045959002042 0.51642014361705 0.247449102344859 1.15719069870934 -0.539396335880155 -1.1524984972167 -0.255262349843363 -1.73348529853182
-0.433032798283404 -0.769989597321781 -0.562137951884988 -1.9399659736276 -1.34018595529615 -1.10234000643032 -0.18149522903313 -0.642581540995467 -0.398398708161221
0.288802022134388 -1.19588216800251 -1.23170927283454 -1.5202429151841 -1.66938820328916 -0.89730006814261 -0.076956189982461 -0.0900839038427595 -0.59316283239264
0.507942545790887 -0.556202491547911 -0.956086538203928 -1.00617258571091 -0.848743348792334 0.302720826552355 -1.17838179920579 -0.425578275362343 0.279061549851686
-2.81824210779472 -2.63409245426429 -1.80546559720709 1.04899613804277 -0.17404902770422 0.462976811225456 -1.707873963526 -0.531456460518931 -2.3894032395633
0.448722065184696 -0.550777067986936 -0.337736163351833 -0.58360498187677 0.550766529048024 0.0804060323612203 0.820494504500392 0.812627307781273 0.299490037950686
-0.129052538385563 -0.492222602079184 -0.616751983854512 -0.0639952043244975 1.02751485684244 0.783941841677327 0.382604871962682 0.479329336455896 0.0413411863179677
0.908682581822425 -0.259137798388737 0.113299630597852 -1.42814712027458 -1.1398819060262 0.318265004422893 -0.525900847648403 0.138149574813699 -0.923193192494282
-0.0398182547659915 0.562173170429912 -0.232615313635658 -0.682994554126111 0.0639108258769414 -0.082317280769846 -0.83283096062621 0.838049647244497 0.0434875556164586
-0.695284588646021 -1.57577024619381 -1.91248503675025 -2.33212065596535 -1.88115175814293 -0.973363277496163 0.101547454769498 -0.174183700486045 -0.696014208905275
-0.495448497608362 -0.982499651547149 0.242973586004364 0.2914025239483 -0.0469855811672665 -0.966755204484042 -0.281756735153076 -0.0697140918337698 -1.3562205006446
-1.31337931569674 -1.13150617061686 -1.50003709069586 -2.10549920099229 -1.14912423792244 -0.948191490354574 0.245072940246636 0.162487722718612 -0.321491920777709
0.53751012948436 0.478616176259634 0.330420283118078 1.86973615731846 1.77554591142392 0.853161465199366 0.314752317588405 -0.18858211521543 -0.00296297071372741
0.364160705448841 -1.4545588181761 -1.33556026499354 -0.28098423894277 -1.95586676473575 -0.952583198857247 0.424963248830327 -0.118750663521524 -0.373371958048677
0.479753993305639 0.694129704357057 -1.39254660959604 0.32548344504932 1.03667799703732 -0.362031324488637 0.277116099917511 0.21992547083116 -0.131767625963274
-2.05237821029983 -0.627779327431084 -0.467302222377884 1.77136204041246 1.84803161893872 1.45890481920919 0.396478252590412 -0.505289074196802 0.923622024813536
0.126709584212379 0.973204339821146 0.774130721023612 -0.245169338377821 -0.442843077969334 0.781730288507203 -0.611928317737871 0.106246799514783 -0.859889340574019
1.01113312858425 0.868573666038435 0.0844925408357018 1.49515414192422 0.987286598940802 1.85104251949601 2.01940865196659 0.958746523064939 1.8132047193827
-1.65310086887156 -0.686072372148828 -0.160563839991494 -0.327231628972953 -0.291454390365248 -0.18692664760035 1.2241311381773 0.239150407718153 -0.240366668238637
-0.996176202712416 -1.13859420791853 -0.129926232214491 1.45398871075873 1.0804014604536 1.44188808519634 -0.0167993826099892 0.353406001289685 -0.785926666053851
-1.42104771716841 -1.32167717147808 -1.99036935739707 -0.989082344792432 -1.14630303439952 -0.333171223401337 -0.906645855990756 -1.09324937191196 -0.903741919465223
1.8346678935934 1.30219976564542 2.14405796328643 1.70776328119586 1.92780127662831 1.73824924721212 0.853315717794884 -1.22458209040013 0.630329792315861
0.201935544394291 -0.440912117809357 1.7446872064259 0.427509135229487 1.18444254471084 -0.232734097074799 -0.810890405133193 -0.395179619212741 0.179617686910081
-0.684349795509822 -0.329771171997703 -1.10306984910518 -0.0165695610930109 0.63870990417748 -0.090577197619392 -0.53121010683559 -1.16578801377492 0.493766113380286
0.249333301702457 0.483617737969297 -0.351225552979343 0.300054125728125 0.235537982727251 1.38056588189306 0.601191611166264 1.34703632985352 1.34382448072919
-0.895434390026634 -0.722639308408364 -0.661394064576545 -1.00744765096957 -1.25128712704474 0.316305692421179 0.0833377696542983 -1.19341770642041 -0.974700094985392
0.488136592489746 -0.232329756711011 0.815676373497493 2.1200047634998 0.974599529727362 0.852369887580536 1.19812922839647 0.320278053359373 -0.14111343052227
-1.72365249799703 -1.45196553939634 -1.27935246968652 -0.140247524582664 -0.404992610894287 -0.402337403505619 -1.10844831450497 -0.962849433947242 0.0836286536140598
-0.847556653262852 -1.17391998734298 -1.5517477103851 -1.87962078807066 -0.82696150405464 -0.766121062209892 -0.479398196454159 0.716410721739455 -0.974883742807348
-1.1024343891834 -1.79031481682054 -1.50934926602811 0.99215231077199 2.16106138400315 2.0009281733457 -1.4531648276372 -2.40993353244361 -1.93355978238246
0.632649877477021 0.451509456577332 0.838093983782734 1.58954747148347 0.299952625840347 0.588006848515272 -0.478825893297291 0.115420657983998 -0.19537439313758
0.348231230689245 0.320674565196386 0.569759086663581 0.776462872087674 -1.10989315074974 -0.533461680599088 -0.77637505320154 -1.02976643176513 -0.00322050170127225
-0.742100010671038 -0.0965382574633984 -0.541325361743148 -0.763123672615202 -0.788810356061728 -0.544223855414214 1.15601089203399 1.19325529638866 0.360516714548912
2.14086645536962 1.03020763090764 1.1274135545481 0.858828162883337 1.25427370399817 -0.802484131814774 0.239932968285799 -0.55918336867783 0.781941729039781
2.24397125646329 1.97419957146405 2.02930124515617 1.17167961409556 1.74481178920689 2.05479751601495 0.418869742591279 1.16990207110727 1.13114748698891
-2.06395556988956 -1.06289356093705 -1.07892810715694 -3.03509260258205 -1.09543712263448 -0.651984581755968 -3.04095497717175 -1.51780848135971 -2.02337620733962
1.21352364581697 0.503168395665204 1.86620362074535 1.60281330335774 1.01193975788335 0.556287503915397 1.03650360182808 0.408373332009945 0.336124295127525
-0.621176114988438 -2.40839657517223 -0.0971423006006695 -0.358868808155872 -0.349263420471127 0.70629919325624 -1.61851388508991 -1.1387620430536 -1.40802527344467
0.697502696317707 0.522129468270795 -0.174772893510977 1.26599601918975 2.43294426530303 1.35513706734004 0.0837776664101196 0.634861381201454 -0.1375714841199
-1.30198193508766 -1.45287547151998 -0.4032658359717 -1.23537402740132 -2.16962587530331 -2.50578490523484 0.834988922226344 0.370426344512004 -0.142802291419986
0.339520060461229 -0.589683750816065 -0.802018483623714 -0.593714709945079 -0.513615791424845 -1.46941013421776 2.10711192458559 1.05660378417914 1.51388089333504
0.869531339310791 0.857974028168216 -0.252483218398189 -0.888881024769723 -0.659275362744775 -0.997076183631272 0.616851736656355 0.09585551553111 0.83759803671324
-0.270091598136521 0.0634542626738738 0.403114787783763 -0.797247489107942 -1.56477246669341 -1.28522556851644 -0.00073188890837618 -1.29038529257382 -0.0482040585044584
0.837367241753924 0.354161969660492 -0.0210910374472665 -0.693872064356821 -1.68297896789169 -0.98199234505911 -0.829778410807365 -1.04506347476387 -1.07627857927406
0.299458398536849 1.90054725059089 1.5637306542437 0.00427444078984923 -0.149209107447422 -0.901172130199642 -0.0108598936303886 -0.121069207173813 1.11125007865383
0.0533696148298658 -0.158837157907617 0.228320381032298 1.61340501185029 2.33197577927744 0.477619505571333 0.0627259348546788 0.819612412065996 1.41868374474415
0.302589205045831 -0.305083497015919 -0.260819733352194 -0.247181473917047 -0.410130187199487 0.380726498033993 -0.428498595627022 0.469089969437547 -0.340240779040876
-0.505202825275149 0.441942070249292 -1.84740813851222 -0.213443078141034 -0.0593941229198573 0.000418166101842699 -1.13875493938661 -1.06938099285948 0.692257051640635
-0.577545056032004 -0.895076559241205 -0.946719673284733 -0.56398278408487 -1.38684479479603 -0.77680059605956 -1.26325448472096 -1.03210180202219 -1.41058919764261
0.720197661897151 0.679911686624105 1.15030804767119 0.518681712193044 1.23322760597128 0.163238434269362 -0.576901838110142 0.208842538477367 0.0178949199229612
1.25785227554562 0.488260962115775 1.41322594605308 -0.0388085324841582 0.00212070379024965 0.473677802730351 0.971454582018273 1.60360285774053 1.76446438194481
-1.20333833045622 -1.61705523885536 0.735031027513094 -0.762363929209691 -1.73351362433949 -0.961209430341164 -1.31389436162834 -0.778504783326631 -1.89075642260332
1.41481084925925 1.8390829064788 1.26401978355923 0.437757691042287 1.08722990964445 1.3580021347655 1.19608856629988 1.7578473181483 1.74859522226607
-0.207655366360495 0.123676247603243 -0.8189647628084 -1.10641069372626 -1.61376591396794 -0.945430632558282 -1.1342155658263 -0.898067900199782 -1.24638805985534
-1.99350238716712 -1.59962207111539 -1.01429635470503 0.637928802156206 0.10736788647306 -1.26058078592222 0.0128890859862726 -0.1674670590367 0.278866856878024
-1.59366631786493 -0.549526362676756 -2.09320978414062 -1.74172211391438 -1.33112880430293 -1.61159305848595 -0.137714788941194 -1.1396111257671 -0.839039579211737
-0.556210191990106 0.259170100237843 -0.381315730124347 -2.00941621257189 -1.55368574198473 -1.62283085362062 0.562180017513924 -0.504956502640031 0.00353993377898498
-0.586972621716486 -2.01805661685041 -1.14118012432062 0.0415974534686107 1.71720480002389 1.49174561222388 0.18940889321551 1.82581073927336 0.390177850556548
0.00843158022147605 1.54853077666299 0.923746002881381 0.317441798689988 0.748089391483762 0.601417684300526 0.573070692606103 0.182641259862185 -0.153969372593948
0.271621325113021 -0.543663700954205 -0.482638116397689 -1.05000778108429 -0.844879934117858 0.0115483669092702 -0.575325494144543 -0.477186875083033 -0.444402229891853
0.603417150316951 1.40538919695436 0.778524242701976 -0.515211427242788 -0.868129047436943 -0.772125760645719 -0.224758853674082 -0.395785359707028 -0.545234877790315
-0.45583451500585 -1.25314339613436 0.742018701723731 0.435756811903648 -0.603980834665472 0.383321330491191 0.328937952733519 -0.107135613038094 1.03529858839466
1.98628298860224 1.33377457192168 1.13144547840066 1.39816333937831 1.34873572292554 -0.226430982255268 0.538941575252679 1.44663922318343 1.21812770769209
1.88846290046438 1.6274632174697 1.21118919265073 1.86700891132256 1.86006749330875 1.75014624028922 -0.162647333412324 0.142840679439966 0.505794893820952
-0.517476585646722 -1.11673791758635 -0.348928070816377 -0.836604605398272 -1.19483529601485 0.172266417512541 -1.09664728729055 -0.550423646479235 -0.71005429638952
2.01039708694302 1.29147153215789 -0.138814563313654 2.05276924054025 1.70439951651993 0.940575785071707 -1.10597775523024 -1.7338320443076 -0.450113115907
2.12323251409726 1.39739880784099 1.77967316353174 0.779889197533616 0.888802981484853 2.07250387800248 0.736456950079132 1.81677481666513 2.39767332378123
0.144447861473477 0.807287101799664 -0.235749685715994 -1.45617778199 -0.699741704586925 -0.409184708505647 0.128867455194254 0.584351277753933 -0.356656432472959
0.257046590793807 -0.132637784848815 0.0389087453892513 0.2939750182426 0.653310877148216 1.32271734652242 0.677953240975072 0.890162799230618 0.574732866493636
-1.81483485322767 -1.43617100731025 -0.100284066316828 -1.31973788972607 -0.71617165948746 -1.11747871780262 -1.40659869094869 -0.790750486809244 -0.736665430623653
-0.265880944449476 -0.395771274709199 0.684652632863226 0.905976941682704 1.10637794699221 1.23091235280376 0.208796600222093 0.483137791304038 -0.798189718619665
-1.2162319910127 -0.367692583925971 0.581995227424138 -0.489173534493828 -1.17106407213151 -0.269838664936369 0.50782579958448 0.41988813933414 0.158256966337057
-0.800058712372436 0.0458102299924823 0.453271777530502 -0.0067848493863939 0.935166024142821 -0.326885895672127 -0.123139934003465 0.263787937700056 0.384074518772312
-0.0466727026450565 -0.103051631525915 0.717333132440742 0.0628664699512964 1.19379186205156 0.173196276276273 0.664467891385232 0.300615070752376 0.139028388614045
1.00518628581117 0.828816018205511 0.0378950493010868 -0.455390695702754 0.705568519573801 0.538522843393397 0.966501116701029 1.1974382307645 -0.012285018505235
0.466459323527793 0.711935363088886 1.4195370534963 -1.50824932826522 -0.572143187680008 -0.338277095437809 -0.282607151666042 -1.04499735759209 -0.933978191816404
2.30493818017934 2.18573663788771 2.32231848371093 2.19930738025497 2.35428612561805 2.09125875667645 0.252726115406034 1.57960570762368 0.598490863185721
1.37914766574797 0.885314190315876 -0.329487615458074 -0.224071303995066 0.774805519649961 0.487397070587126 1.01764043122986 0.548757762239945 0.571418010639996
-0.342595235163281 0.356704067032944 0.523814591776534 0.0673355955262482 0.537164319334273 -0.149508995296359 -1.10526647700498 -0.727859449495012 -0.405612725924425
0.411300593491926 2.16092984577439 1.1272877523648 -0.695294202527194 0.0469959966484533 -0.335608707328161 -1.7332505677325 -1.09619975844017 -1.23743216558793
-0.619715518776178 -0.221748730146339 -0.0050127180896171 -0.37845084688137 -0.192827885855457 -0.0369142287644374 -0.440608208136982 0.0243337431139473 -1.26362869033019
-0.288548661132917 0.73891338757923 0.420848703013987 -1.19925888985968 -0.795433262109911 -1.1909302034529 -0.183150302075459 0.340182492580552 0.733940969304325
1.03491128237972 0.114628158562415 0.289796941805754 0.560886545204803 -0.1855931794025 0.771258161413354 1.60541711122201 1.56490374537673 2.31489178490287
1.08511450226684 -0.499026225351102 -0.412840641052031 1.18769218689672 0.835340635321412 0.789424420262067 0.51074906914964 -1.20733385626926 -0.600514408877799
-0.108057343481568 -0.323183211761851 0.45586171239269 0.791091551563917 -0.194327570228655 -0.00457948018322722 -0.272132106300545 -0.770445330696038 -0.420768301527238
-0.0529741505376343 -0.72743309143133 -0.685838231339991 1.28822529820722 1.02060699386329 -0.218699298456873 -1.1617044813901 -0.980942784310268 -0.695622263218754
0.183719368572812 -0.13900244643074 1.42655741728879 -0.874316666115813 -0.225559682758863 -0.257609064755394 0.750940370708583 0.430271054896173 0.140325351702037
-0.557222636568923 0.1935209179658 1.19601339857289 1.45248025619304 1.96357199897685 1.22024860246152 0.133300512106662 -0.660960911580784 -0.129547045580604
-0.60376073978475 0.381395057786924 -1.31441979286932 -1.36736120800158 -1.35767529913136 -0.21344242038919 -1.4617081485336 -1.25801264698943 -0.346544496382158
3.29563224098983 1.91804877054215 1.63159369115482 -0.693820350040653 0.159700938940786 -0.0594670028729083 0.236640783384447 -0.828232340246092 -0.433049676392735
0.517597405938343 -0.446836444155591 -0.368208554874726 -1.47704322700301 -0.883249301866954 -1.49634117822732 -1.2008049917732 -0.624995978087305 -0.146776636711687
-0.28868155291163 -0.0172149343058065 1.01006821118475 0.61375261174223 0.887858010966775 -1.29032307197066 1.21013442887329 -0.106804615901471 0.540552642473562
0.964431384542933 1.51950332332456 0.512682677790373 0.979201570119979 0.218802949866924 0.432200378520781 0.334044774590564 1.29249902952315 1.31666321046822
0.96989685143599 0.237204279430787 0.678891733302814 -0.119755775990471 0.757237396094715 -1.60509655105119 -0.190104802666382 0.861023616565861 0.236689913150287
-0.59391365420108 -0.509574705167721 -0.869311194206343 -1.35724846060411 -1.81060311135568 -1.79713572443091 0.528388931915972 0.54082484544445 0.336434558430879
0.110926874697831 -0.843549356835194 -1.17995528863907 -0.149105855005331 -0.436798039934905 -1.03112417969671 1.86908931914709 -1.01284152682819 0.382804869013207
0.968835184577999 -0.20684807915239 -0.303071346840269 0.710131836344953 1.05411694792609 0.151868017909897 -1.42799178098343 -1.72189872580977 -1.88338906314459
0.0718783790449938 -0.169257746057882 0.130064466894893 1.09339766312384 1.10198209538198 1.25340715630956 1.06071872978822 1.74365802507597 0.78104854630337
1.35780346169674 0.479349675271862 -0.0664313105332345 0.00345394332954248 -0.338417801419883 0.408287536455548 0.483174063357543 0.20799306742529 0.00426615739050695
0.177654050381869 1.00547545673389 0.0910704192846827 1.27350748614493 1.29623286259901 -0.0968215844887096 -0.527429192863055 -1.09067080133981 -0.0659638645436785
-0.0907085774930304 -0.0428898982600177 -0.62381295884122 1.43771354182158 1.95388314202286 1.56414124401373 -0.730340594348603 -0.501387687829357 -0.574208944572554
0.441415669228414 0.247855321438813 0.5751707579583 -1.52337818041797 -1.42494862172927 -1.24907452766312 0.112940971362086 -0.582887530696981 -0.169496423174795
-0.410898394860556 -2.45064270083088 -1.37659085337596 0.572449954914161 0.673459393834114 0.835994936000414 -1.05344917426709 -0.671494850349489 -2.09001691659426
-0.261649666437226 -0.629058295040951 -0.427958507278996 0.137775293613085 0.419890253021154 0.0924052246035872 -0.597215315871536 -0.421697101799719 -0.45939400196217
1.40071395493504 0.843218422634186 1.12584123640119 -1.05071415997891 -0.973245673189402 0.0200669250713679 0.996372771749215 -0.00748760644482172 0.625202715807738
1.4657497720954 1.13020554891923 1.20390770092571 -0.26787366107593 0.960623690371773 -0.00824001842060129 0.335379686660563 -0.174670601336031 -0.564105186053272
-0.419227737718058 -0.17443961748344 -0.0679785192719921 -0.978952347806142 -0.699044982074559 -0.622250007393226 -0.382748316822443 -0.588451042060878 0.463185979242724
-1.48690711764034 -1.30109896766331 0.192782140881363 -0.0183133368931786 -0.567380243248073 -1.09260895390326 0.540651971627188 0.268794055094481 0.122585878052388
1.25100208779275 1.22672688517036 0.648500933591109 0.452838516415185 -0.255444809565987 -0.152000597871878 -1.78365651887353 -0.903776620430766 -0.865391371884705
0.833060127875594 0.166266153739386 -0.534704811458107 -0.330593704013708 -0.68497464988127 -0.00840941203736545 -0.378006754020153 0.932843749410228 -0.279877209661934
0.385705248229559 0.0527876476294248 0.963113298974268 0.342015443294319 -0.180845694687301 0.8916351135449 0.27609430036326 0.302976941489638 0.0368878576895012
0.286648298437951 0.954007084111037 0.212172340398692 -0.0279052908359735 0.113680690864136 0.575849565468848 0.0479533664739894 -0.241814558327818 0.360930897283981
-0.0208119538042909 0.476189881882421 0.189346111591407 -1.64461884365403 -0.95534683063177 -0.379966155335826 -1.82446633986789 -1.14483887304338 -1.0638434086234
-1.11161039286688 0.406909115578599 0.436534776477315 -0.572352975239472 -1.55340920028343 -0.236241542699269 -1.13572584168283 -0.846699342393924 -0.942475439479453
-0.856072249911757 0.427136241527398 0.385066897244034 -0.906967293684822 -0.637085645657285 -0.997841550461404 -0.164512447251713 0.574602601829831 -0.218742225763046
1.42781486376645 0.328087413846348 0.0665663181620136 -2.38960923249677 -2.58413297529862 -2.17859325953907 -1.80588876378351 -0.44494512013228 -0.889467273911008
-0.68123915939501 0.36345293711947 -0.784836909346224 -1.4116819040363 -0.883016520222866 -0.478682893042754 0.563351559932839 0.129639555761388 0.00812962806417727
1.12976856606591 1.98345908345658 0.207995896438592 0.0657749552005165 0.39214364065052 0.347518594580142 -0.366405021177548 0.939927157213415 -0.0387898239648987
0.00503627910655474 -0.0682293123214334 -0.901405393073837 0.426155786631029 -1.86647222238802 -0.309757878281766 -0.065252917601578 0.0774888163907379 -1.26608841983462
1.39025171189145 0.135511230263728 1.66670921876363 -1.16353970776642 0.633958966162607 -0.562111686244186 -0.0979284440584784 0.00373724069803649 -1.06159210995825
0.560698957605296 0.0221012792413423 -0.368381911907047 0.561940816415499 0.612998308255649 -0.566995419615506 0.887915585121696 0.35722307673727 -0.133372296926823
-0.254620067091691 -1.00069912946949 -0.877635321480339 -2.44354696153922 -2.63634473203798 -1.00084373413649 0.0817057081251126 -0.575564259368004 -0.450821090034603
-0.788971624334308 -0.436641452454757 -0.338199927541354 2.17491789477815 2.12196287544355 0.763227718138395 -0.240307897150113 0.128196466999332 -0.221587244837018
2.47490741981826 1.8262105282406 0.809877271709514 -0.0850421576435234 1.44887309961042 1.06457971376885 1.48412591230744 0.606317958721424 0.463642122946039
-0.726756205304553 -1.41601552549776 -0.624972130709646 -0.403002823611385 -0.710414422778093 -0.245366867401996 0.463231250148809 1.91967276470296 1.08871914571348
-2.18276656484524 -0.520323882186695 -1.48527210781827 -0.00503992514772106 0.351300828343024 0.653154744912798 -1.25670688276376 -0.655379709357563 -0.958395089330871
0.802686430582324 1.70543073990819 0.63032065784065 -0.305955077683928 0.210162652743221 0.42059791595369 -0.0242875096619922 0.623489197892326 1.67922382569717
0.442400745434703 0.739038176218676 -0.22521881772075 -0.220391770779701 0.327946720253663 0.4195480761347 1.47853525157746 1.20248332762372 1.48514123908633
1.55276618788614 0.804301924332133 -0.290850116262123 -0.193089159222372 -0.622985005837326 0.844402303490284 0.183968122683295 -0.706955462351691 0.00793521123732318
0.73095665779692 -0.394976173952283 -0.981955096932853 -0.184838454935923 1.08122854691472 0.402453728176406 0.697424283402095 0.893354272124455 0.696303234188188
0.777494712447145 0.839405881000045 0.579482213486847 1.56030633462373 0.0860898768951976 0.365083384796216 0.0858854935160285 -0.305088819676891 -0.0230591578983102
2.13531597910242 0.964934955143007 1.51268929209226 0.40912073445252 0.119268480437812 0.0886471199733389 1.87621556860852 0.982970192011092 2.1080540643058
0.93432350204969 1.69370566812957 1.17571109158758 0.588043048046232 0.219536762118141 -0.221333089207208 1.86221026508131 0.919476953322557 0.699521261365649
1.08525160496313 -0.170807247469435 -1.00359389057494 -0.475718671291581 0.29251058884452 -0.624854209093799 0.415328716384561 -0.553705387813425 -1.23883133729425
-0.49874128092035 -0.445437237105766 -1.03622844198934 -0.776824823945965 -0.518461725489024 -0.336082519905093 0.133573650276435 -0.509681614239667 -0.17633802670236
0.894286573063138 -0.368506903503998 0.863578164428668 0.767941594227797 0.520190033762636 0.505748619221303 -0.875303364272059 -0.928772046357305 -1.10321761462584
-0.317642872800464 -0.497645862147622 -0.510444081246377 -0.888532422108871 -0.00403605601468227 -0.207267906094421 0.496188670831846 -0.695660864345729 -0.923236241186178
1.76155212706836 1.62995555972912 2.89366179431396 1.6271586028277 2.19423653246921 1.13343343231982 1.56706011121042 0.70506844071421 1.49112464913294
0.116170764079952 1.19465270148437 0.913908223952639 -1.06618373766835 -0.105872047399169 -0.846350380482051 1.14392769896858 0.355825106749677 0.933217231697482
-1.75930331911159 -0.140294088063464 -0.817338918067924 -0.121724621118232 -0.223686283268051 0.0744499313603526 -0.903212813273603 -0.266088091272459 0.330667631189737
1.38984098348161 1.74677588991732 1.4894142550108 0.447551899914758 0.985502492406327 1.06876650312146 2.13890263251704 1.23597428689439 1.39200889869078
-1.08536314571522 -0.0125875575114464 -0.530816546898567 0.297267603272718 -0.385645237750856 -0.189866024626144 -1.01328187200748 -0.115982281315164 -0.392688393513016
-2.28387225347533 -1.88916570935022 -1.83964526269661 -0.418953123893675 -1.0401959505893 0.00937786596460097 -1.8171081006927 -1.82626532277685 -0.72119943397815
-2.06728139271918 -2.91190782141461 -1.90012289827605 0.468629611470253 0.651790566245822 -0.0997919392755724 0.736541242452222 -0.372529717740913 0.250558415970998
0.332286385766621 0.560128325937095 0.649288327011496 -0.460175564470722 -0.392936685321891 -0.459235882110586 -0.0734694546682991 0.462230125908627 0.552579141026413
-1.54955174573547 -1.29655813549784 -1.60776883514489 0.524487110217233 0.919362798797628 -0.0406171512981235 0.530846367246036 -0.849713443649196 -0.214149257436951
0.140892385747441 1.32861949377228 1.27307286655584 0.702448148533086 1.1161145580932 -0.57197737048157 0.290384100793652 -0.571513847021708 -0.251780059336828
-0.532751225523787 -1.06514982838304 0.549222554511719 0.333885931975935 -0.0196928651052043 -0.249553379483382 -0.512653306331647 -0.21219621750519 0.159179006419033
-2.4034201421263 -1.93248250483075 -1.0785666522038 -1.37975305730123 -1.11025437484791 -1.52536230247667 -1.44335375005386 -0.00898559917834074 -0.574680747906431
-0.933888872157495 -0.586376968922036 -1.1750051429925 -0.597659513782213 -0.487635271658185 -0.409094332924258 0.617452928919307 0.910618221008031 0.404125733793788
2.80465610040044 1.89727993645205 0.858758948049584 1.71966838854006 1.65756667681792 1.18175442359027 -0.455499674193994 -0.286547668978083 0.233034496689434
-0.428367296139832 -0.629399072219866 -1.59362087141871 -0.9752411377864 -0.429441692132827 -0.154241580282122 -0.211936987526856 -0.755958925427071 0.852507649059512
-1.17820431153201 -0.129937213332997 -0.00186856948175507 0.375038939524772 -0.657576708460793 0.341112482422453 0.0392931445866709 -0.889141789108537 0.161571678065063
1.033180993888 1.41165880537888 0.657873372007471 -1.60356803004039 -1.24503852244801 -0.939724054147296 -1.97959690519169 -2.15899822029029 -0.878547821941027
1.91201278665948 1.76549665099886 1.56236360670445 1.37780092456884 0.569262035112249 1.41683818934021 0.47754623620993 0.667698739946496 0.491004303325173
-0.769903319709776 -2.26553800592078 -0.9983986606126 -1.03792693808499 -0.337164544787583 -0.716002939143007 0.995198239337736 0.302225070057448 -0.160295093214117
0.424562164060751 0.354985143385388 -0.0887276819445862 0.839696485836079 0.809362420300022 -0.466853972671361 -1.56825499199381 -1.07831719662759 -0.202208291242336
-1.367802305105 -0.48318873086735 -0.941242047094492 -0.415793785425047 -0.0180294396621118 0.14354654332889 0.826746369119704 0.420917100464345 0.372977565228317
-1.3765709869595 -0.408257576927906 -0.939932743004806 0.616055452837039 0.854503833471868 -0.544940205917338 1.96892252096334 -0.145293390580422 0.283924097983284
0.404822848352368 -0.0972422396464749 -0.474197188616327 -0.621858872463682 -1.05352513373239 0.296304373267708 -0.689969734414505 0.509179126136121 0.356945088114996
0.66005175373914 0.768161322817062 0.520472862217384 -0.0901383968643217 -0.587126466110144 0.351717578088191 -0.143630725461535 0.276463177317878 0.104667941045735
0.787030475591571 0.990914608159592 0.125972665368526 1.87636475312776 1.01236691355369 1.07006214969048 0.448187807044054 -0.112080241703232 0.88083859797857
-0.347910686000626 -0.0941409219276686 -0.499402435741089 1.56743664466685 2.53280705514439 2.10458667767703 -0.921754722456612 -1.30720610444706 -1.29506747587349
1.55893494395437 0.564618887150252 2.10897301119903 0.896899534941298 0.784968319861824 -0.158265228185382 0.378096684702425 -0.259891000049757 0.272810847290906
2.22631435512643 0.116088405893533 1.08564008812251 1.92353783027047 1.67540799966461 1.90419811892357 -0.253246767834331 0.849710299948963 0.778722370905206
-0.272426742962971 -0.958516741447357 -0.305454267932202 -0.0232766780729565 0.160613915126663 0.0281106655128354 1.11055899094872 1.23249795900135 0.823657755449926
-2.52924977485558 -2.58167670791852 -1.339932056797 -1.72221084929753 -2.79827847467684 -3.49245042779715 -1.0571191855005 -2.09536221713906 -1.51567988326586
-0.948442365468402 -1.87776347352673 -0.789731964960962 -0.0419991838349784 0.257606012973757 0.864586749501971 -0.676989954486911 -0.19795653527692 -1.17967725390001
-1.19561904513577 -0.802590121554771 -0.197926031768968 -0.410508856436105 0.511517388007375 -0.33154454353577 0.0451779341960489 -0.58205390730855 0.374505661033763
-0.74148339318771 -0.672752260383308 -0.340877088400762 1.35753029647008 1.12844589880696 0.373491553095392 0.531736122716179 -0.867209711429322 1.22625747284589
1.57237797295092 1.12796130935788 0.600704471025109 0.404581207483614 0.1910715140563 -0.937124539755425 -0.161610029942588 -1.3471164944985 -0.745104963291036
0.632541097160754 0.141671614213595 0.495884826002294 -0.720890515785929 -1.41417993311688 -0.495752398953489 0.795334922662904 1.26997025090829 -0.00273505927912762
-0.467573071367985 -0.831838197677015 -0.674475151120762 -1.15817528089518 -0.332836689064976 -1.1588566707817 0.33074692529895 -1.17227552538912 -0.232521905585155
0.593430760361312 0.783616134086677 0.569942214058298 0.375752191018835 0.344408303844489 0.332839953590792 -0.449624402937872 0.418560252611213 -0.975046412566397
0.37940508741638 -0.0523696496489743 0.283880393429939 0.413617381964519 -0.217776235721466 -0.256890580394628 -0.806327321967227 -0.352372105237773 -0.339269108977291
1.22393154491577 0.191981486734189 -0.69968542072744 -0.500664484293325 -0.804094137376488 -0.0709213659985736 0.262455193758719 -0.060164256600367 -0.275333213209087
-0.0588329227327902 -0.525773121143583 -0.307079647925092 1.46272727229936 0.294234600223883 0.505255336069186 -0.777027703277929 -0.182222420910335 0.990796463439297
0.161564401600031 -0.213642085311295 -0.535573892725334 0.910589265211723 0.694432083706129 0.796607826309662 0.448346575455006 -0.391059474466279 0.4596855570198
-0.786239099341183 -1.4525589265045 -0.596316955958503 0.799479213117243 1.8982522122965 2.62087546729279 -0.287998833194341 -0.746336085561376 0.659707333485498
-1.08595961176501 -1.22934938620085 -0.831594501343536 0.361268194111636 0.30366034337437 -0.0425950012207778 -0.498145958268688 0.242960816546204 -0.354934552692288
1.2849444417935 2.11217643921764 0.35953830920807 0.0500165418622959 -0.128396934260596 -0.349001525351873 1.23964860970254 0.887786155541133 0.417011492465848
-0.462907937738741 -1.32891180464091 -0.514940260205822 -3.66131976159046 -1.55478747221121 -2.12522045327128 -1.63303811492542 -1.70227893640657 -0.481937402537427
0.637932889501599 -0.779050252113282 0.254067416681505 0.740187208121257 2.03859978147648 0.0873767923196533 1.52861366803125 0.834248277395074 1.48768938134385
0.460053179329344 0.321557596529918 0.304401109505666 -0.191472367942946 0.114821010843204 0.122842394743815 -0.744768082835843 -0.494598016700774 0.57351103796911
1.53478023585406 2.09999174025886 0.256137552627634 2.14034713658641 1.66883804989898 1.04112883402742 2.09312542077866 2.82559940943976 0.52403887832226
0.635325508981625 0.333189883332475 -0.574241414910966 0.00836097706629602 1.02172460799539 0.25864887261566 -0.0224889483664363 1.14199275058532 0.394872767541745
0.567670524836033 -0.32717235560945 0.15558454909508 0.443481266345588 2.12662571565471 0.945955031413184 -0.48205963056261 -0.200972316151876 -1.40098930836792
1.02142429233561 2.40636410018201 0.936476029780257 0.199839700597386 -0.618292190521161 0.499750603188139 0.820542982688879 0.606352488464149 0.868750048174478
0.706078968065515 0.755065234031281 1.25371872813282 1.06345605696914 0.105878410071653 0.560514174924504 -1.17778916542138 0.333351118006553 -0.624574232301636
0.402437668256978 0.212471863023105 -0.53660242895907 0.175592132749959 -0.0297287030754612 0.282877601055927 -0.0318614814284791 -0.442170028761641 -0.526887433374893
0.617290238320081 -0.292372811261298 0.233183269813381 -0.500739182489925 0.440821943797437 0.950746144198469 1.26004892569094 0.648314177478587 0.75313130929572
-0.248016614305386 0.782948717339896 -0.713100824796487 -0.580560597297023 0.809628605748287 0.780047191637326 1.42614293451219 1.50642072147281 0.222401937221832
-0.147319496527645 -0.495891441408945 0.235639112917216 -1.39643092947984 -1.13682634431501 -0.754066273539833 0.322120893201025 -0.352300077926589 0.575123046513165
0.117021181225984 1.46037127840943 1.38268505244717 0.887624918257699 0.0552501381596265 -0.387826046770929 0.0775268988707649 0.795795307307302 0.701980902212334
-0.0368289864198512 0.396745760963613 -0.45739790385938 -0.809487704786647 -0.587707431383756 0.857048739417349 -0.376285185291511 -1.21366908015948 -0.0938415630505336
-0.22986664219083 -0.208961946187544 -1.46170367906044 -0.266440626351407 0.261079155075848 0.65296900755902 -0.66435618141398 -1.09346311065337 -1.15974027669857
0.808118273305551 1.11575795976115 0.807295142641045 0.476646280809031 0.884810229206909 0.458930739384685 -1.50070835467456 0.161587735273734 -0.169426392238962
-0.176704202163701 -0.219169922601477 -1.46670984706557 -1.29454073574786 -0.897460652936267 -0.248065628257263 -1.00315085650289 0.209884043320359 -0.40657664570991
-0.229897110088811 -0.428852543261859 1.78329647782223 -0.119939816017825 -0.0612032792404402 -0.659432862155896 0.594202740898192 0.446806658793358 0.555465635526861
1.33112495726784 0.399464503820991 1.49224800096988 -0.00858031516171409 1.35510164922477 1.01714901739512 -0.00648738573298835 0.23554462733041 -0.0284826652009125
-0.15996261260433 0.453966426820207 -0.502526692413587 -0.493037642965309 -1.40034463460028 -0.376203137139098 -0.405039945815631 -0.35433128306709 -0.14118875591683
-1.60392796632653 -1.16803620223239 -1.00790469358678 0.431169482176117 0.718549821595865 -0.136725123490587 0.1011591113174 0.279884470601643 -1.06101604773986
0.799024389451663 0.588907512205688 0.341787249229706 1.78859153183198 1.41505315641911 1.44800412956474 -0.442295230379585 0.353424781402335 -0.0173554541069765
-1.33965099792492 -0.499063228734341 -0.60870709187696 0.0593895791605707 -0.0481756992127178 0.304577328443132 -1.68336443725035 -0.761672088416673 -1.74720790025862
-0.0490694237495947 -1.34978546065544 -0.547708827977834 0.219514748867706 1.21737971932523 0.388212088011455 0.323933067508009 -0.834220272974168 -0.569174805713341
0.830253944624273 -0.0567951009990073 0.111265363765077 0.156751736884687 0.672421791330663 0.212971833585155 -0.370605669925738 -0.313935489485884 -1.1698835639718
0.589440344479321 0.109920041149986 0.330358898055666 0.402200054662616 0.262204207295935 0.666148907127655 0.146049166668635 0.296188517792409 -0.60111301275406
-0.558004490619661 0.553339764321227 -0.36744975109998 -0.168058785017502 0.231396373521528 -1.02921641759734 -0.57883324042634 -0.990938468705572 0.0993622765030234
1.00793047123897 0.738894810010783 0.203066125218722 -0.755165943699684 -0.202629391285071 -0.20776159314133 2.05980764459051 0.422414028700698 1.15949690260194
-0.433672050075048 -0.576640059905624 -0.861093541830757 -0.0499341099462766 0.523866201073319 0.659921727363364 -0.826382420048022 0.217634035993098 -0.643929184247477
-0.682839333946106 -0.119587806040793 -1.02818964431296 -0.304762477965485 0.531585587732194 -1.12068535000036 -1.72451556611443 -1.47606208187064 -1.00805173177133
0.403636404822157 0.459710062504941 0.0711582220848817 0.132968608244058 -0.868159096346112 -1.07224240132162 1.33725964277466 1.31962489667883 1.18248897283568
2.30878992289942 1.30894830955912 1.10747670885355 1.43619659296818 1.65618572847124 0.34723580102446 0.824335986804267 1.31930219546045 0.640793527935066
0.400076736805768 0.33341424305428 0.0372706429012848 1.90228021494664 0.157291001088865 0.895708182469098 -0.575013029919892 -1.15713256985634 -0.878761829851829
-0.949078493634505 -1.4081537636002 -0.263145180736236 0.00989614019668236 -1.03176542203737 -0.557502268884114 -1.24858370475336 -0.820480051250154 -1.36341048798804
-0.748394918450829 -0.175418723427815 -0.279783897206832 0.119364996878227 0.053540946066028 0.906709265434433 0.951634084423071 1.3621512076905 0.95493710915032
-0.213495308654458 0.316784324415446 0.812389973357286 -0.179626729483153 -1.07529891613898 -1.05512066213056 0.597985426188067 -0.0849524536362801 1.69742082976348
-1.02130200849009 0.326680466633774 0.543507236267206 -1.71864032528209 -0.768285972798296 -1.56141400708525 -1.15396512076025 -0.800407498012337 0.773282590413106
-0.626717787742722 0.473708871706368 0.563488220558242 1.74643437088897 2.1435998400931 0.15059458672254 -1.70595365822647 -1.69266462369552 -1.00424004030955
0.629566686791952 1.20338890986973 0.989071701872366 0.596396405196971 1.07967519809366 -0.485843633499181 -0.0990097783475483 -0.12546046806117 -0.77087930381423
-0.478548512631126 0.020577863091266 -0.933517054543882 1.51671359856445 1.06981409172515 0.835151674574758 -0.939314394520507 -1.83182573660806 -1.08741582555126
0.799879795822315 0.741583072082269 -0.221020052177462 -0.628378150032077 -0.103428427413025 -0.098577191801822 -0.96106604022697 -0.441247957341595 -1.58706476538514
-1.2241466800843 -0.301384783408391 -1.27559929688101 -0.0840585114561493 -1.59305591723566 -1.16204541128655 -0.314344291218907 -0.604424303704667 -0.231430901015936
0.628456505194643 -0.333774504832207 0.540616969764479 -0.908856675597393 -1.43067804985568 0.0733690047575595 2.08381151555507 0.211537911391907 0.560182001886953
-1.53636464883926 -1.64632265314622 -0.114624812955622 -1.6486195021304 -0.509033335322394 -2.6881850160556 -0.645873260947767 -0.748536721238156 -1.37420429550593
1.54580955042498 -0.0157175250890972 1.06933620446663 0.460001001002202 0.856881849488744 0.645142453621274 -0.507288781143689 -0.183176753962669 0.479703233291493
1.35165692421891 0.262751888936571 0.864467289772795 0.914724540586201 0.852794594085329 -0.144928482386192 0.18130917365904 0.00110373757017571 -0.0211136422619141
-0.213877175495888 -0.94449881922193 -1.27433003107528 -2.82125726804136 -2.17521708171384 -0.935258365088018 -1.97437413341339 -1.14091430077608 -1.8714485668429
-0.307866196290195 0.683661290704693 -0.248483950542709 0.216859346326138 -1.05308198951157 -0.209529767346379 -0.365534119845474 0.489690301824113 -0.0670672173296237
1.11282319407321 0.954145096070506 1.10275298560706 1.02278699407146 0.181314182589139 0.585687599284955 -2.17588165689748 -0.673369835428124 -1.14080551556718
0.464291041277227 0.486417521277589 1.41282422663269 -1.04516411132373 -0.384876077802127 -0.867661272317648 0.501658023481535 1.55975663848441 1.60075776506702
-1.52353713190871 -0.894987129168573 -1.60603749035182 -0.443663883499215 0.0471280843584766 1.16331514599441 -0.578116486824365 0.402993442453658 -0.0930579478979685
-1.89128018638713 -0.736325266685833 -1.76327017703133 -0.175778402530722 1.06190194765451 -0.592077414713083 -0.757849359935081 0.498329778036391 0.612968395729644
1.68041116228282 1.14236479459987 2.84049728185939 0.507713861788751 0.362110302072981 0.535138244399838 -0.368551798738102 -0.837421499172975 -0.0799256598615466
0.332282291163932 1.34403229195016 0.0705039657310063 -1.07742914018433 -0.826021338392409 -0.91170767585845 -0.566598352047652 0.22605067678896 -0.225611486061337
1.83444141962263 2.01548323168204 1.27264817789993 -0.808375742388938 -0.572872071754507 0.994096367333498 -0.870869518085327 -1.28121145148468 -0.789842985742887
-1.96277160583985 -0.559678663060182 -1.52931099122869 0.305707088471791 -0.258417643229973 -0.535134820588102 -1.5393383562357 -1.5695666251094 -1.02177412697972
1.53388385312583 1.49614392434665 0.614123403872737 0.818482820014588 0.758137848055897 1.22647950880631 -0.224380652167997 -0.648054174469037 2.03757174002211
-0.63632551020653 -0.520930913323086 -0.501751937015017 0.953196916073855 1.61080635081667 0.880922707893138 0.487985432276662 -0.64591012626015 -0.627125238325226
-0.525369958331422 0.639623353165293 1.20380197574922 -0.0616599159675753 0.992685010751103 -0.201514320002192 -0.164248508415405 -0.47729607338619 0.756727881116044
1.3075557796023 1.32604427216344 1.16142100534777 0.209677711254805 0.0420448175943985 1.14148962011313 1.76334242236519 1.74782714427894 -0.998458758846053
0.607140941414284 0.371453561102856 -0.923848626878751 -0.657633288536836 -1.32107411634341 0.198728860419718 -0.289785883196531 -0.137121702971578 -0.0761354380007572
-0.688986979811151 -0.318816246923446 0.0442203665220549 -0.360934713427979 -0.506528070082807 -0.581474298626396 -0.673816991492521 -2.11256819234029 -0.541403383420331
-0.219484153259494 -1.51622176594578 -2.21472538047905 1.80292109924193 1.70144189720945 0.581154887408107 0.578295910782075 -0.364585873299508 -0.29667181690365
0.900869294062964 -1.61840855679062 -0.723762067241422 -0.720773912443968 0.515078087361753 -0.562495317369103 0.763673868949279 -0.355020389209454 0.717263884015328
-0.101778407810191 0.40209020474065 1.40224268237571 -0.615621309872304 -0.93634751396687 -1.03797706088234 -1.44688192700968 -0.212663406291334 -1.20432468249374
-0.192227333591287 0.223781548611062 -0.0231882707451269 -0.12939614660806 0.279153890643134 -0.64611153711534 -0.1574775583798 -1.10605673599714 -0.650336886357185
-0.114713594093092 -0.236175047187416 -1.59849687203392 -1.69952778987268 -1.280827609042 -1.03055546541165 0.586252849303705 0.015339367438586 0.725383124028086
0.985864488038532 0.746630775249962 1.99057482126311 -0.279378008449738 1.22491301422728 0.76217947100656 -0.0749362986223883 0.167089391431505 0.774516255152695
-0.367882524767991 -1.92136977528919 -1.88053624633705 -0.291326720580926 -0.924368542666749 -0.309720323565336 -0.418048076443427 0.258158650710941 -0.8901831729888
-0.311791423274759 -0.340977039210086 -0.443089167241042 -0.674183536896164 -0.913372245902198 -0.554633358596508 0.0175335976352455 -0.137464191289484 -1.44762620849674
-1.76901192522367 -1.14109753940698 -0.896547066062585 0.419210609419906 0.044386954194371 -0.91291027213027 -2.79538894275074 -1.06748655967693 -1.37264669469541
0.974590617707507 1.90548772245685 0.140333672849816 1.41157410802973 1.77042207591419 0.400228180057983 0.259296367923625 0.255422877440035 -0.331197868435676
-0.156537442331902 0.470145973562208 -0.148245758015105 0.862303102505463 1.34787269763213 0.00766040994136497 0.528696277053018 0.752958207923707 1.05102226791014
-0.666744502520365 0.506575719490049 -0.449123169698533 0.657475857914069 1.21075726702703 1.56817317302913 -0.322754240496007 0.348506846470478 -0.35279251577452
-0.759383081894347 -1.20669943524527 -1.45020628629064 -2.48541652107242 -1.67671590158943 -1.26749161576539 -0.872142906358167 -1.42455510122136 -1.0036457599437
-1.0208987383008 -0.724361787981576 -0.246180758842135 -0.462454573723861 0.347447635965569 1.19858437746352 -1.77093662853347 -0.891681392635674 0.544214262468682
-0.565012329352036 -0.625062861963134 -0.777462327681881 2.70098429326551 2.20555298488064 2.49660291504896 0.30042191830194 0.0644373677055446 1.08036284055362
1.21830156245423 1.18574243137494 0.197222370417168 0.914193083081738 0.217844684225915 1.00119666112473 -0.903773993761809 0.655915703347771 2.21163247067857
-3.56362165745914 -2.44913454116176 -3.11302453437112 -1.04927371258248 -1.40722457677187 -1.19552918449604 -2.75725390081581 -2.00001982921306 -2.38403772909504
-1.51643703255249 -1.77050907026648 -1.28009243734715 -2.6198208229198 -2.35297462256838 -2.53404696326244 -1.72201591687325 -1.46225292096749 -1.25882573325522
-2.20521309024398 -1.37362549207979 -0.972928799491625 -0.302778770717658 -1.22960070515055 -0.587967040460726 -2.39047122023884 -1.51372574216179 -1.83357168813605
0.185637763683633 -1.68416102717559 0.261853970103958 -1.83703350141968 -1.60853772619005 -1.12706437331101 -0.487419045700328 -1.2277988750562 -0.379172293465783
1.58785756870179 1.03945745664493 2.25191232967675 -0.487481649629578 -0.603026000453383 0.346137162408261 0.859586184868455 -0.367884308924161 -0.290952041251052
0.797631447958 1.19004277216458 0.599187662160145 -1.00497649366363 0.367206631715727 -0.0975307401536598 0.137479585199879 0.90613912271705 0.327872886441262
0.220741679696684 -1.98241846380611 -1.03669247331013 2.54741532429891 2.5155870715853 2.59835532461958 -0.807890095813072 -0.432754842612384 -0.37087016544433
0.401271508792881 -0.186352326453493 0.762293422123028 0.386281756320177 -0.338696579422038 0.732909534814918 -1.38279975003506 -0.445521109106249 -1.46084605714928
-0.138493805987275 -0.181409583658842 0.720683041241932 -0.952837712450049 0.14363762793534 0.00764949919553853 -0.840768411001889 0.90895530543538 -0.840512532544672
0.556423427280215 -0.0270564142927354 0.410268833389872 1.14430051327498 1.91971005534758 1.84134744397651 -0.965561354196403 0.160913272729724 -1.1732938971853
0.544292192369396 0.111265122692352 1.05748657576967 -0.450845259413064 0.199175971637363 0.297502403878037 0.772651227590195 1.2143756385652 1.32752142152198
0.362158272027585 1.47982021618871 -0.121276560997445 1.06221771398792 0.336299389613079 0.280825099800446 0.532367984119887 0.341596602816868 0.0387061796117887
0.687264685114554 1.0932824959739 0.591319575395079 1.66782981479918 2.46539518791049 -0.595003498006352 -2.30756706926796 -1.43455829419667 -0.696504514790113
-0.475206371835624 -0.619350097622567 0.246173135284958 -0.847373638573568 -0.430308544128241 0.199687742645242 0.411256234726643 0.0391321674229649 0.473362585349003
0.589681811209116 0.578645363344469 0.966035292227943 0.56008132574508 0.485578042500952 1.19654061701441 0.347450302041385 0.0105288213814975 0.22492172382064
-0.733260949210151 -0.316886277097464 0.3265751117698 1.44338969411635 1.70333808081192 1.35934340310778 -1.79818469247425 -1.64428891403559 -2.77366342834848
-1.41225954422139 -1.99792102014909 -1.09484104087235 -2.2267046084155 -2.12174588135703 -0.551750310059661 -1.17752802101019 -1.23555074666978 -1.06751876650898
-1.21438415339118 -0.756349328905401 -1.80848804187083 1.80357397480773 0.673764563521086 0.0649001197964633 -1.09300935688514 -1.64188081670534 -0.0963783103830647
-0.12013016779926 -0.138988089225146 0.329660552454683 -0.12112288174866 -0.0929790689325285 -1.56422317819935 0.897539469147746 0.957662823215168 0.944469814912673
-0.614932755127081 -1.1761695653378 -2.01618581043237 -0.988544736395223 -1.06703111691556 -0.724763179786567 0.858271380814457 0.81476108895709 0.746219004814517
-0.022997289934524 1.01922752909017 -0.823042881706866 -1.72114220892225 -1.70734397165391 -0.664130248309525 -1.30139537281895 0.863553779922288 0.328466999316471
2.67204420777445 1.04933841059105 2.33509390444279 -1.19508003390782 -1.19318556699701 -0.83926515683323 -0.209256247075585 -0.174259844574473 0.278117001420823
1.2045102615521 1.42550946616451 0.415488180681406 -1.77415135962846 -0.895524025463901 -1.19976868673727 0.733396261008435 0.545393285793889 0.663030256971435
-0.409574944931698 -0.797875122242044 -0.998678199138616 -0.870357840222238 -1.45332410283061 0.777779731062745 -0.464380230907607 -0.7345778289387 -0.716210460133675
0.708964006962044 0.555564415369478 2.2578517367214 0.747578249512268 0.823492692582898 -0.443911151875506 -0.732502494659463 1.74271499190603 -0.0739705120638664
-0.745785812153611 -0.476594283411118 0.216656381221132 1.14818081976332 2.09719748058555 0.565347464293799 -0.368578135470918 0.291234042811331 -0.500889396434637
0.0559726396043562 1.02120797328603 -0.705003644735256 0.504142160186855 0.999609601646963 0.912550046312508 0.219039096117931 0.0951183193433346 -0.722610557633433
0.0670028552676529 1.26558784072329 0.17727403917745 -1.02066640776886 0.609053392765581 0.188381476278528 0.0725631700609743 1.05613498226935 -0.0186038701019958
0.548654291634309 0.415281969989051 -0.184114660660541 1.26407663361851 0.822269634292664 -0.183723067022975 0.342021784527274 1.38265444522097 0.618271284953925
-0.0295913153207782 0.407412052555097 -0.0833223219118946 -0.165447919776406 -0.922048948913874 -0.454202978858374 -0.175291599675449 0.500225909638233 0.665529731214472
-1.14143765651102 -0.57625714129569 -1.36280899025405 -1.18901550774173 0.767091602151496 -0.372030011006349 -0.0349189647052794 0.527903422884743 0.273912269116948
0.234982514689165 0.800025124703303 0.0385719081984582 1.15034588508712 0.265179552920034 0.88468238144071 -1.38868383497456 0.561021235506862 0.127968363937427
0.698875349577055 0.355805094750198 1.31115241787877 0.0580628095091644 0.615968287567779 0.630198670279476 0.0154250963210167 0.758959317022224 0.477247707321567
0.73127202316221 1.89585686918773 1.31651509384271 0.241451572783082 0.22448937281879 0.797878785172639 0.9432642445303 1.14967037364812 0.658212947976681
-0.435809059170803 -0.943820888217094 0.436237166642764 0.641201964111018 0.145768324423064 -0.0834323618973398 -1.22864927766781 -0.202337679080449 -0.574397119600278
0.775051959517843 1.43758265943169 0.256708480342091 -0.872621529576439 1.09433903062628 -0.0919697246133384 -1.62863400110632 -0.61387785403146 -0.390874717364898
-0.606636853531448 0.244808248059238 -0.083104297952755 2.65211212188621 1.36093829745992 1.74183822480707 0.637643286351134 0.936216212168317 0.1618325245538
0.0810205091516228 0.101118512534207 -0.257204480666132 -1.29295679174332 -0.29293077075436 1.07319913982694 -0.952600842165421 -0.0634246317789662 -0.590407949654607
1.90897613361749 2.86336614372439 0.813621103742249 0.166976409742426 0.094621119928066 0.642190555278577 0.480325357777782 0.243671193164716 0.0649223231103692
-0.876623288691849 0.358483334312452 -1.89880880392622 -0.740131230745538 -1.17784687789785 -0.269511498414175 1.66960662231078 0.753078725399099 0.417925896285114
-1.05767275440756 0.526300826004103 -0.905756409998649 -1.85561357660482 -1.46827161326686 -1.35745124078738 -0.515423954539239 -2.48630324447437 -2.04112608629553
0.0632647707190946 0.0904265637122477 -0.518785429785513 -0.359230250660007 0.504728198703828 0.869541150485634 -1.67689046699509 -0.775996724120059 -0.558854047196527
0.17036091733841 -0.840461332316112 0.785006649273738 -0.693221316078947 -1.08178587316723 0.238945709819846 0.160766790987586 -0.405660460937309 -0.126470157870484
-0.780874581205543 -0.977205672024388 -0.972301319251972 -0.966641210138324 -0.427874988393899 -0.498379890576492 -0.911220879060608 -0.940129462556656 -0.323743180235005
-0.688801853532111 -0.282596613695435 -1.34841632500707 -0.068341011803709 -1.05603078515568 -0.722854461547954 -0.902554554022738 -2.15323555804124 -1.28586048678342
1.61833853184104 0.680101108973857 1.26084693269365 -2.31609613134008 -1.94307990590291 -1.27414092962749 -0.281945575285477 -1.34148818852564 -0.535498357854246
1.19783833266789 1.5257275287014 0.761150652273909 1.23058185333932 -0.378645573425191 0.432653562954556 -0.62268862103435 -0.802655174748514 0.083347853411059
-2.65427010838497 -2.94889188051896 -1.50831974415748 -0.19685060130499 -1.01366057660888 0.173405920010199 -3.33880315251062 -2.17789204841873 -1.19678576485932
-1.87999247815156 -1.39314739714897 -2.23540489356471 -1.38704985595216 -1.41681550242102 -2.09409772204211 -1.62785471487715 -1.42109300018997 -0.952857259582472
-0.880547025317656 -0.9035196941663 -0.320711443886224 -0.556704290585092 -1.42861172087536 -0.278085122357334 -1.09257431828008 -2.21073575093552 -2.12613302545231
0.779349750911238 0.520060170710953 -0.788320872304507 0.831407964065862 0.35025724473172 1.89320282185506 0.869294739126348 0.459222877275537 -0.0832022422336175
0.706083299140485 0.764625121208861 1.32675100557802 1.44156345465978 0.853347014915918 1.07403803949204 -0.829224302779924 -0.392246364215577 -0.593399699893492
0.133035165170418 0.891887604346088 -0.0688532731627661 -0.986841496795531 -0.870691913112525 -0.881726872912841 -0.223774998258406 -0.58968317433213 -0.466972133336533
-0.174907661296588 -0.225124761442315 -1.27820003232368 -0.335430730374901 -0.18006348541941 1.41580399634363 0.0667971455010862 -0.734490931844068 -1.04146251190162
0.306710534429351 -0.596486938742779 -0.820324404428061 2.15049406463142 1.25180934489514 1.61462455221636 0.352452504138028 0.776811128919161 1.17640093041529
0.381701571836116 0.933821748367861 0.131029220825919 0.933819471426394 0.460322431419415 -0.275181709436226 -0.0350324717174022 1.04185165425409 -0.17616395223327
0.802277863087238 -0.309442529629937 1.59728311966202 0.430945221293656 0.424789852312719 0.645062859896848 1.0998846033977 0.558581245066106 0.206683830225148
0.12132278463502 0.455704737760871 -0.140022306912312 0.25851781403445 0.742365205303392 0.19829608451128 -0.275262703343553 1.0387026676094 -0.229153710116939
1.00588717552374 1.21881381210949 0.611726099247807 -0.18628245068599 0.109218030982454 -0.245783101308086 -0.51498925372944 1.57262599062593 -0.059547047210978
-1.19801516601857 -0.782457549416988 -0.320112235353963 -0.592910580826577 -1.41378232805269 -0.657033568848227 -1.39537390824748 -1.71172672039912 -0.862322764415818
1.66864190920149 2.49849656896291 1.28725677656356 1.75743712482294 1.36075130424769 1.15219076549913 -0.443226644081733 0.255690737287748 1.35603561100349
-0.255346172367339 0.130894936707535 0.00302294049660387 -0.161025805237245 -0.170222412292227 -0.473972611459825 0.355600559811474 -0.184742825636779 0.166583708152037
1.43398238156774 1.04215207570605 0.288397389878329 -0.0703938114097187 0.720032157628609 0.296091191379016 0.965885149032619 0.812996809986594 1.60672468178402
-1.19086517748292 -0.291703725028019 -1.30516164649757 -2.23020375482938 -0.714647930149843 -0.43928960849344 -2.37856359063965 -1.2267596859851 -1.71175304446322
-0.884284850826981 -0.765137872209437 -0.588876260049005 -0.469610667918577 -0.199519693948648 0.348097256764356 -0.240395888310204 -0.110340217491595 -0.845828047018973
0.827757996958817 1.70382619335362 1.55129840229954 0.483718803337362 0.0479329007697566 0.560368583014837 0.122560642787616 -0.495092369516912 -0.569079018471679
0.00501745370222545 -0.412735528146707 -0.98870678007505 0.782678073549625 0.696215588948882 1.07751759739572 1.12762236553968 -0.541110937689821 -1.12779933756109
-0.212261292653225 0.441298418842617 -0.498353290714326 0.633326519443426 0.366688814974773 1.32159347892984 0.0796696968781639 -0.382506687459921 1.0576211446222
-1.11932207231003 -0.718832112593658 -1.61955305473799 -0.758507460744512 -0.118143586352038 0.529999972783457 0.142026362486197 -0.67043242865216 0.2315336760959
1.38687377318193 0.300068282601275 1.53922341136334 -1.44954943750226 -0.330557786076571 0.568468030813186 -0.354432319366294 -0.502989642206826 -0.260548198352445
-0.445473605585792 -0.264119502460284 -0.378734889051926 -0.494066921293007 -0.735204443663103 0.160839981898979 -0.786622031138717 1.13496103743409 0.945929461982749
-1.86505174643269 -1.57952872652512 -2.62511395138773 -0.632264025772497 -0.872668645838548 -0.752911411053871 -0.113855898506238 -0.0730113066331176 -0.184328271435901
1.54196567394356 1.49430037118447 1.14319490358321 -0.481587938496517 -0.0316780042569769 -0.31247790689492 0.1755867525349 -0.662614354596411 1.37733423303773
-0.421207980621805 -0.0369239619782169 -1.45088004325613 0.20496728748846 0.539192316014041 0.64739717844899 0.139857750516059 -0.359714185082967 -0.94398426255849
-0.330614818815431 -0.849623248550177 0.384406542926175 -1.28534146339831 -0.71659414908585 -0.506726159217216 0.286962714547432 1.51879194083264 0.0907961459236502
-0.88651111008669 -0.36852884348198 -1.3053942053417 0.719816330073018 1.59724797616813 1.13979299835871 -1.07440881954312 -0.118753141717454 -1.0861016323389
-2.45327192303395 -0.892985197893066 -0.757593883387788 -1.3138722764927 -0.578651226570124 -0.354179724559413 -1.66905919585554 -1.40315278087027 -1.59532941299008
0.937812609083464 0.814013687903055 0.9520798969078 1.9681616349392 1.06660054783243 2.36245806121017 1.3900774021628 0.525167797464493 -0.156848692558961
-2.61198842249228 -2.61824420902898 -2.18985316677499 -1.13147086144685 -2.1376463145809 -1.28240352828861 -0.413878116034827 -1.09444682341559 0.342137756197885
0.916915220437084 0.0648528712014086 -0.492823998481849 0.5296765641115 1.10037730782173 1.4225620404756 0.520331645832412 0.42019252849464 0.670011572368252
-0.896690603449686 -2.65484326352113 -2.32649300021747 0.797100027483071 1.23032673302239 1.0464697293723 -0.936081682612774 0.513697317070555 -0.970386964202396
-1.82180088432359 -2.15211341843279 -1.17694419072614 -0.253863770241048 0.375919019537792 0.4838330673216 -0.853953826264678 -0.715534285522543 -0.623267286592106
1.12475644001641 -0.120281990760123 -0.117179768701643 -0.713917970702577 -0.214503535980919 -0.600792181882944 1.32798795085534 0.326242443132063 0.421845824064711
0.535097218211619 1.03756049524922 0.804099817338023 -2.04605558926552 -1.35486896539414 -0.623108107452145 -1.30623271693185 -1.10191566519649 -0.973387150367032
2.43690464822419 1.73408127657624 -0.2005984988736 0.253788561611601 0.901390451875005 0.709128728700424 0.774644770463654 0.0283756928992729 -0.310369226666539
-1.4249874511158 -1.33119316179523 -1.08242325086668 -1.92296506751059 -1.15744406896039 -1.8031180831074 -0.255441477167283 0.639285217788226 -1.10315480431355
0.823230462274497 1.17661545967191 1.17962390004507 1.51328936206105 0.547025373411573 0.274084724137836 1.42497597043956 0.799758943754734 2.51758189297235
0.826715890006368 0.410364543359981 0.44662999769601 0.935312930802806 0.771619349355803 1.42086268684567 -0.75080341045652 -1.53234113674504 0.0467780196941876
-1.0071749317981 -0.478411352425519 -0.105369766164807 -1.24071607726263 -1.59967672875107 -1.52937190840273 -1.29323566124047 -0.852492241613864 -0.986540542263433
-0.708448673868762 0.279522234472005 -0.483262657851064 -0.0445217976498504 0.981964963036593 -0.834755488052723 0.658182168081186 0.311288195466029 0.990466924043918
-1.79447235206847 -2.30550777958546 -1.09024399823454 0.256290778050127 0.604046009152904 -0.379700703155741 -0.788432288186067 -0.690303903602152 0.328175498232444
-2.15857585867882 -2.02621603053854 -0.608232440253021 -1.1048132743895 -0.870640980539294 -1.48039970779255 -0.48165928155775 -1.94164918112828 -1.37674180583637
2.15151829976198 1.65304755818445 0.699547203501261 2.53509349579629 1.24680654640045 1.65655078321878 0.282095323847728 -0.886665504013848 0.36072350939265
0.85129421488518 -0.407058683307683 0.635797473463031 2.05672486643178 0.178886047008942 1.32906984318734 0.835543583595912 -0.362691293299036 0.313194077348866
1.01119207135159 0.91954820956037 0.291480260532635 -0.385111775161063 -0.755367898499193 -0.481847937172326 1.13457630982371 0.801565869587521 1.67564107519101
-0.490925734788709 0.139678372381736 -0.92523221133154 -1.32210579582653 -1.54548766968614 -1.71374012228061 -2.32178006534304 -1.76853193222239 -1.9087332935503
-0.73603979083971 -0.301211779892363 -0.393999341372069 1.55434926615961 1.54428163409747 0.87907338189679 -0.0479035323234511 0.0566694750224542 -0.507015318485637
-1.84302209886589 -0.482403804550125 -1.11276605521466 -1.62427723300115 -0.299411786481945 -0.499788968953042 0.00497958323412648 0.483931580084816 -0.30734568262392
0.527892351087601 0.325930164488916 0.741223072920912 1.34274463832864 1.36590237244949 1.06915288055291 0.0921190403964126 0.289495073338422 0.739945675775092
-0.797823242113614 -0.109215758839536 0.284154194952695 1.63952852768429 2.30818182661214 0.959609593766235 -0.320872256822159 -0.332320861488558 -0.107943874102682
-1.07144574043402 0.711433449793885 0.570425272835224 0.558381159817625 0.107379064630843 1.11273514613119 1.36046401057087 0.771034027625319 0.780524757670187
0.409582690206333 0.373914283208385 -0.815102062590852 -0.286404361487711 0.0797854118165051 0.172631493995567 -0.546251136760416 -1.25380477883198 0.0225332732356172
1.93464967295454 1.10803060330044 1.82316632293077 -0.861101788939328 -1.1431583779756 -0.822403432913213 0.195787528969732 0.321948129847418 0.0899272452397425
1.00640131650244 1.78682424150626 1.06516735494257 0.983092848820909 0.809491430639325 0.162231414899955 0.132986509660976 0.43152112029646 0.378755492393675
0.265530276854275 -0.0488173072827687 0.239576171705445 0.15289060618464 0.476267794273911 0.627953499332898 0.358901836642728 1.2941852591117 -0.150623912550203
-0.57160477603836 -0.860495132664595 0.326298997523842 1.07263629645497 0.698959331090591 -0.129126273493817 -0.3618083443632 -1.44875144694025 -0.577390783131015
1.61780517596374 0.697210559102932 0.623036061366015 0.169971389423319 0.357382252817571 -0.274213503897754 0.674372272194288 1.25668452826304 0.448080001938737
-0.218035103015292 0.430942811004171 0.161773304715797 0.411364926950481 0.500655412878674 -0.866525411654454 -0.338244589786355 -0.106622354193763 -0.57854202610138
1.66201137618181 1.08846711412255 1.22846158102672 -0.123676958699215 1.18899333174014 1.09379280195356 2.36327839249702 2.60640643810505 1.94609238620605
-1.33313513060522 -0.899944795643486 -0.813616047985057 -1.3285943892154 -1.18772124530678 -0.27975127683918 0.52259676075198 0.674378173672592 -0.897999153221926
-0.763450839303354 -0.653580670153046 -0.127178221629345 0.127882950999189 1.2617517461068 -0.172946651876193 -0.14223299179637 -1.32207528299408 -0.159134766935266
0.937041508431169 1.20188283712606 0.745608756382458 -0.166379109498398 0.303973733597785 1.24183978596298 0.120854586705494 -0.354118687531849 -0.0345913045780423
-1.01958798515856 -0.497842357868015 0.247609471555523 0.303789168529784 -0.535428772048249 -1.37305178637129 -1.47976734923693 -1.90868333829094 -1.82650691115757
-1.9798628768373 -1.0284987339415 -1.14616799681618 -1.5957431969893 -0.741539104127105 -1.46739202117821 -1.35931103521961 -1.50135313254598 -0.844533004409454
-0.285915791374849 0.0629127057689363 0.571865576047542 -0.446722569996218 0.385966905803103 0.410250046071105 -0.617222138086349 -1.81726560787112 -1.14684167524383
-1.59275618542383 -0.97606189765951 -1.74167327465067 -0.116391015940853 -0.10015257174443 0.335948328480688 0.180411265496327 -0.517287319894936 0.0364520783072741
0.822219524192581 0.769024451889415 -0.156436998278086 -0.83657185741484 -0.141206031189784 -1.86470525340938 -1.41315040500897 -1.12630197763929 -0.3299694328611
0.11861481769092 0.253436816357886 -0.182909919554649 -0.0135625362916872 1.35218811624866 0.962263547679405 -0.323293675014244 -0.254831991361843 0.664219412577158
0.678542267719503 0.833237098079044 0.493647940981877 2.13322744112179 1.89452162370502 1.6760965647949 1.24187004308657 1.9373708367856 0.96813409471064
0.965875461124106 1.27934111219707 1.13453214210194 -0.344383137194061 -0.881179644359292 -0.910853521238689 0.748241650602149 1.7515836596409 0.173362021989387
0.216260072013308 0.809528410846245 1.13852415872036 0.12985560260799 0.994659767082866 -0.267121664767604 -0.87131050080516 0.119862372866086 -0.0453816227176936
-1.63347280245088 -2.73543114956004 -0.586858095501275 -2.16008143774666 -1.98465756146907 -2.01495935706084 -0.953938660702093 -2.26676493121506 -1.64495736577006
0.407008068911609 0.145172970184713 0.14632389482398 0.0321981996794948 -0.453976223702976 -0.245147159412804 -0.829162167988649 0.0207348615030221 -0.0184611451842622
-1.75842204026498 -1.58413429818899 -1.72686204937019 -1.24501002440906 -1.19950420540416 -0.534911519072973 -2.05704617511771 -2.31617882730794 -2.55729960045385
-1.28672106993614 -1.07716227222346 -2.14866604955076 -0.79414795829086 -2.35032363842633 -2.41884888837933 0.278690460876612 -0.529681678693309 -0.091827772240395
-0.516981390836575 0.319584080037095 -0.750006098117642 2.03107060974581 1.96730623732534 2.9600663374669 1.65292597639629 0.933751815809909 -0.740335179209932
0.285791058603264 0.806052440180048 1.47797228750238 0.307878838667262 0.0210816454514323 0.200832787985103 -0.423560165314296 0.186141753361718 0.60985929762426
1.76152432256588 1.526893137543 0.502732586218954 -0.65780463345501 -0.498677358248371 0.408773825440377 1.13027210227468 0.677557667318348 -0.38345858118334
-0.108601113083452 -0.678563950280376 -0.651971860952696 -0.125079432067311 -0.553040729084604 -0.566425071876031 0.112229007500485 0.40106021414512 0.171325771474913
-0.44544136361193 -1.73699027018783 -1.14703093949556 -1.635255254591 -0.32414156500379 -0.5265103035769 -0.904509195490817 -0.538521168314373 -1.5493886244354
0.0367566769588942 0.458690700227967 -0.115067547094687 0.540737734202879 0.307172080392511 0.287400819024605 0.237262361654359 0.421351546624886 0.199839601468505
-1.81578891931868 -1.32824684073743 -1.63175928353292 -0.4602565899595 -0.323544248200464 -0.772317306678199 0.913131978754021 0.018407247905263 -0.952576634244881
2.359104876522 2.5913127937521 3.1471794130162 1.71549454636764 1.21056172594784 0.97531791318842 0.785223399743878 1.74854018069378 0.603384547629624
0.243699628820238 0.533103862625113 -0.679779472751209 1.59845568284773 0.756371814102513 -0.492263563837394 0.294766114028289 0.717988204085078 -0.700924889629412
-0.0327924919696449 0.327152607179567 0.0530378882167044 0.335977633694914 0.403858460680729 0.31616273466986 0.442264639581523 0.97006520336149 0.401115912340402
-0.999604538781325 -1.65323954149456 -0.655122274447502 -2.22251984108126 -1.40975893742503 -2.35668941418312 -0.800899911842794 -0.244028793131805 -0.344619040823841
0.919675226085608 1.21825889016256 1.64103399961815 -0.584749941266326 -0.356772617216541 0.24607557033154 2.11360746939747 0.729211105729418 2.54795280559148
1.56610697439528 1.41076921310019 0.828200984217287 0.526338162935444 0.430324849056665 0.117805422346081 0.144019041495644 0.820762020743806 0.377259728587231
0.141665981032218 0.119189174875182 0.362329089821054 1.48771732484321 -0.0136031572909449 0.289189409541373 -0.61205347783643 -0.691342161605126 -0.322399634984438
-0.909903124100132 -0.350897861245533 -0.525721207973385 -0.0757162181710097 -0.0751901105821432 1.42025673873706 -0.474012815929177 -1.15950224689694 -0.715122430482309
1.7616615885074 1.23994530515442 0.944824054162312 2.03768695274261 1.17681863733365 0.00395696422742731 0.92772515041198 0.656605117532654 1.2621955901982
1.6870062540134 2.03001435905295 -0.826695104925278 0.924378989420402 0.0605805413839854 0.565259777309495 0.25995834998263 0.635501082822999 1.06790236503052
1.38541820546649 0.858037716198275 1.99241217190944 -0.909491987465192 -0.73416581472578 -0.481577272947972 -1.17198708365662 -0.828074260736397 -0.313117448197713
1.05403981712805 0.757430370346197 0.524340337333041 1.23906211029559 0.742829404428121 1.05996253043616 -0.306565027618074 -0.338234076777348 0.024526072066894
0.462196566609558 -0.315131510262564 0.599638575573991 1.77728431520614 0.217363894559897 -0.4919175582861 -0.344014146782674 0.235227974843428 -0.864517197938957
2.09342233319628 0.789789906417161 1.07401956111225 3.67183326264625 2.59482770598276 1.91989243499216 1.60028383124788 0.192077712720885 1.02314597345042
1.67719441683849 1.66444030101634 1.51271318306688 0.411282677614664 -0.446272650746728 -0.444909614754182 0.169408953290381 1.1949937785553 0.781535256689502
1.41778699603291 1.99120042918773 1.68734576846251 -0.328314548199223 0.359161918238708 0.499689844705121 0.991444174857438 0.719462459993141 0.532561409294721
1.26607079016167 1.3823198036804 1.82873488847211 0.365828660965213 1.33375511389126 0.706381788067283 -0.0388791676038563 0.257319981675321 0.279914356700236
0.848658198130051 -0.327797426148831 -0.112526475758881 0.470754500141633 0.68692287404999 -0.140847482854332 1.46431758152355 1.75975874803644 1.94198011747365
1.96139658982376 1.34410390575522 1.1765141183046 1.10296993332346 -0.550957892468968 -0.683182805061568 1.0974837251271 1.1317788758256 0.444934560959728
0.812362736514307 -0.418351411176464 0.00703864705928342 0.16818875256657 0.473816080750884 1.21787321768303 0.536075199863003 0.251740048438638 1.08574222693086
-3.88925621393672 -2.44000901079513 -2.79166475226297 0.495190744395264 -0.488974884518024 -0.352478749969502 -1.88061074764835 -0.945298509663544 0.366300313728709
-0.783977431449569 -1.69229685404516 -0.99251366771085 -1.20397056029568 -1.8229276492484 -0.718861934314737 -0.726707406610711 -0.347525394036783 -0.37631286680398
3.29223213118174 2.43446900708074 1.9810851011735 1.98064092193699 2.40342021022867 1.59774762172936 1.13658102867747 0.0317598890841299 0.319662912784979
2.46978093411251 2.92147642573435 1.9705073155467 1.75634571313437 0.914514326219445 0.684285686862034 2.1311497335532 1.6739458151177 1.72591251254315
-1.69979810930452 -0.5238713456362 0.616953633299962 1.34812625611919 -0.407024744445693 -0.48340267388627 -1.53256945535139 -1.47560308255036 0.393017892752552
-1.25574774241352 -0.49926252927229 -2.55178386048256 -2.8295377248999 -2.45067088369028 -2.15338290158637 -1.69109306444982 -2.77999673120784 -0.970674278274871
-0.521646496693673 -0.806188281656696 0.908331337697576 -1.74425041247766 -0.552957948094598 -1.15613470519171 2.08552138337 0.606433277817844 1.00165265304739
-0.631140714861152 -1.38179194532987 -1.57625690281921 -1.57405129506396 -1.29534138883302 -1.19918223007753 -2.27343771240343 -1.90924387018979 -1.01910603548545
-2.19638616479303 -1.2156125319159 -0.88467130803579 -0.712217236646788 -0.319181039710539 0.124888579199642 -0.74187052505295 0.403496323391406 -0.341908026145252
0.434173482733409 0.613706599292928 0.655363588317209 0.651660501694974 0.677957052102325 0.786922042849773 0.53433906734609 -0.359120271633132 0.397212313904101
0.607835231877228 -0.980214083817869 0.115963016715811 1.46180018676728 0.208310954935311 -0.4226606263409 -1.12273547295192 -0.736340872860001 0.054175429545516
1.60903671267827 1.66806039584082 1.82253261562544 1.43271254065707 0.672869116268148 -0.143275801655784 0.828739178978657 -0.582996558983907 -0.70929826597959
-1.08854758536116 -0.940036906371205 0.116306811310504 -2.05248244359951 -1.05897611105827 -1.35413928156445 0.171600044990719 0.572601052945802 -0.573386916385015
-1.39328037655129 -0.979770304114207 -1.08733196855112 -1.85373251235726 0.426419651968438 0.388873237198901 -0.185104239374855 -0.182696706024806 -0.84577455387931
-0.54467336281425 0.413250095913913 0.430442895453875 0.68902131097323 0.724096401718679 1.08262055136313 0.529639330109177 2.18795025062825 -0.04386680427634
0.254624874223433 1.770759239423 -0.116675549962634 0.764337179497897 1.02543964715819 0.821975548931753 0.0914846825717535 0.439819845784597 -0.147691524130005
0.234895164089911 0.118814035525092 -0.556034978470703 -1.19175993954405 0.0188607736481997 -0.19700476552945 -0.814115916295606 0.288565781276069 -0.468603301102795
-1.11261993696227 -0.556456368037885 -0.375848162444045 -1.68057377087465 -1.39976312036303 -0.66501174066649 -0.965898650171649 1.3624678794777 0.174842442805814
2.71303636353891 2.34049757092589 2.026784847535 1.03552140395039 -0.142116153433763 0.343584739570313 -0.0523229600051534 1.17759413054688 0.340866872066543
1.96240414263057 1.96969765974052 1.70609515413763 0.0394700248670533 0.320138679070046 0.314548375192932 -0.0639243405425104 0.827841743982924 0.890559945562485
0.672411093826789 1.88995584152686 0.473778284632061 1.16892726824592 2.36485695455509 1.33599811377753 -0.142532988551791 0.244418062339942 0.107282400501792
0.7783504243309 1.22885688144645 1.12145658986873 -0.14065346676224 -0.117329222021112 -0.253305768404682 1.99978802416531 0.688805545141556 0.846348357736603
-0.906838344985923 -0.858362539271562 -0.42887725697362 -0.609581161053132 -0.745407169222615 -1.77547295178951 -0.0798198857049202 0.787850335990428 0.368332795906728
-0.133137466116841 0.0933682341745126 -1.9890019672632 -2.06768435085078 -1.73577178012843 -1.00986695739328 -0.192928084197271 0.0784622459748755 0.264359528629127
2.32943435780618 0.626123949977827 1.99053840472158 1.77621893923302 1.39058958723681 1.10289090587401 0.824907632758665 -0.203106102363421 0.553661303616259
0.653264304466844 0.466501874374591 -0.820712803243305 -0.208568609503207 0.753272154523183 0.71036191022635 0.66297580559569 0.317468920458095 0.226516775775028
-0.0906244582569433 -0.293641972000865 0.814006801938108 -0.325856817472501 -1.6059054632812 -1.27611048503451 0.434280131999575 -0.00998246275899072 0.608465877646193
1.36539908625965 0.902445146092271 1.70415560986582 0.276435580654509 1.42407405860206 1.64303938594117 -0.144447831165152 -0.862174635674666 0.00113863379642359
-1.08119853127305 -0.666769387933294 -0.741517819459903 -0.308179364364206 -1.04520368226728 -0.0311811012650033 -0.726291799151007 -0.318388467594371 0.0305166418523198
-1.78760094771727 0.3433188039579 -0.333374984397351 0.0182293311916634 0.943728831946374 1.14024019556838 -0.650964598593261 0.157791661076298 -0.514775927581564
-0.138118225661515 0.91694102115244 0.319744027102678 -0.28635378644262 -0.482948631770011 0.646182640068938 1.02891612754963 1.11477580673103 2.05014327618296
-1.91853242440669 -1.4744006188924 -2.6164461430763 -1.24173639340062 -0.567348042556649 -0.372011512485206 -2.42227518998971 -0.470543935850683 -2.06529112092303
-0.466795481715829 -1.44477409408466 -1.60104172160651 0.651499852467491 0.317072445568597 -1.46658503778005 0.518310445584233 0.00372479915460411 0.72193366283677
-1.87900905779317 -0.754590972529067 -1.89830703501806 -0.0943291335280009 0.113806186583503 -0.0584905451852082 -1.89736035456955 -0.710725548846619 -0.541874713362839
